0 1.65 7.91 28.8 61 91.6 
0 4.24 8.88 31.9 51.8 102 
0 0.828 15.1 24.6 41.4 97.7 
0 1.65 9.19 29.7 58.9 113 
0 2.66 9.76 34.7 47.6 89.2 
0 3.3 9.3 26.8 60 99.2 
0 2.24 9.06 25.3 52.3 99.9 
0 1.41 10.8 28.2 45.5 92.6 
0 2.48 9.12 25.2 60.5 92.5 
0 2.24 10.1 22 64.1 93.9 
0 1.41 10.5 25.9 65.9 101 
0 2.48 11.5 25.1 61.5 91.6 
0 4.31 14.9 27.5 63.3 113 
0 2.24 8.15 24.5 54.6 106 
0 1.24 12.5 32.7 50.2 87.8 
0 1.41 8.3 25 52.8 107 
0 1.83 11.8 27.9 47.5 113 
0 0.414 9.54 31.1 60.6 111 
0 0 6.06 26.3 52.4 110 
0 2.66 6.13 20.2 53.8 96.8 
0 1.24 11.6 19.4 49.9 103 
0 3.66 10.4 29.4 57 104 
0 3.65 11.3 18 53.5 108 
0 3.83 8.13 18.5 43.7 90.3 
0 3.83 12.4 31.6 57.9 104 
0 1.83 11.5 27.7 46.6 101 
0 1.24 13.7 19.7 59.1 92.9 
0 1.83 11.9 29.9 53.9 81.5 
0 1.41 4.12 24.9 59 89.6 
0 3.06 8.14 31.5 56.8 101 
0 1 7.4 23.5 50.2 106 
0 2.65 14.3 22.1 48.3 113 
0 2.24 3.3 25.4 49.3 101 
0 3.06 9.95 21.7 74.7 105 
0 1.65 12 30.5 56.2 88.1 
0 3.89 10.8 30.9 58.3 103 
0 2.48 9.72 37 52.3 104 
0 1.83 8.71 27.6 72 108 
0 3.06 10.6 26.7 57.8 113 
0 2.47 10.9 21.4 41.2 100 
0 3.48 10.9 25.7 58.2 103 
0 2.41 7.77 24.5 50.2 101 
0 2.89 4.89 16.9 55.1 87.3 
0 2.41 10.3 26.8 64.2 89.5 
0 1.65 10.2 33.4 57.1 88.1 
0 0.828 5.9 20 62.7 104 
0 0.414 2.66 22.6 54.6 114 
0 0 8.7 27 58.3 85.6 
0 3.65 8.54 26.3 42.2 101 
0 3.06 6.36 26.9 50.2 98 
0 0.414 11 28.2 59.9 103 
0 2.24 9.88 24.1 58.3 110 
0 0 9.94 20 57.9 91.3 
0 1.24 13.2 25.4 48 109 
0 1.83 12.2 33 58.3 94.6 
0 0.828 8.7 26.9 51.1 101 
0 2.06 9.68 18.6 54.9 109 
0 1.24 11 30.1 52.7 96.3 
0 1.83 15.7 27 56.9 96 
0 1 12.5 28.4 65.1 103 
0 0.414 10.5 24 52.3 96.2 
0 2.65 9.77 25.8 49.5 91.9 
0 0.414 8.54 23.9 52.1 97.7 
0 1.65 10.8 26.5 69.9 99.5 
0 2.89 9.59 24.1 51.2 103 
0 2.06 8.06 26.7 55.2 94 
0 0.414 13.7 28.8 70.1 96 
0 2.83 10.2 33.5 53.9 103 
0 3.83 12.2 25.1 59.6 91.1 
0 1.65 15.3 25.9 60.2 96 
0 0.414 9.94 21.5 50.3 109 
0 0 8.82 32.2 55.1 84.4 
0 1 11.1 30.6 58.5 118 
0 2.41 8.54 28.9 57.4 108 
0 0.414 7.58 23.4 53 105 
0 1.24 5.54 20.6 54.9 98.6 
0 0 13 14.2 55.3 110 
0 3.48 11.6 22.7 58 104 
0 1.83 12.1 25.8 54.1 108 
0 1.24 10.8 22.8 56.2 103 
0 3.65 14.1 34.5 51.5 83 
0 2.66 10 24.5 45.2 96.1 
0 1 12.3 27.5 58 100 
0 1 15.5 31.9 48 97.4 
0 2.41 4.99 28 52.8 91.8 
0 0.414 6.87 23 63.1 93.3 
0 1.65 13.6 26.4 53.5 95.6 
0 1.65 8.89 28.6 49.2 93.7 
0 1.24 12.3 21.6 53 103 
0 1.24 9.19 32.4 57.2 93.3 
0 4.06 11.8 26.7 52.8 95.1 
0 1.65 12 23.7 61 90.4 
0 3.06 8.73 24.6 49.2 96.2 
0 3.65 13.5 19.1 60.5 107 
0 3.3 10.1 24.3 60.5 114 
0 2.89 10.1 31.1 52 107 
0 2.65 8.71 22.2 61 83.1 
0 0.414 12.1 30.8 57.3 86.8 
0 3.89 6.31 26.2 51.5 88.8 
0 1 11.1 26.8 52.4 103 
