13.7 13 13.7 14.3 7.06 7.68 8.08 8.49 14.7 11.9 13.3 10.5 9.87 9.63 10.6 12.6 11.2 8.88 11.7 10.2 7.37 9.88 11.2 6.4 4.48 11.3 9.8 3.83 6.96 7.61 
12.9 11.9 6.82 12 12.9 8.35 7.89 15.1 10.1 8.71 9.88 12.3 10.7 12.3 9.05 10.2 10.7 15.3 9.05 9.89 7.99 10.1 5.13 9.47 8.49 9.19 8.32 10.3 10.1 3.71 
6.31 10.7 14.4 10.8 11.8 12.3 6.08 10.2 14 7.88 9.89 9.53 9.5 16.3 9.53 6.07 8.06 5.89 9.15 6.85 11.5 7.7 9.13 10.9 10.2 11.4 9.66 4.31 2.24 6.13 
9.29 11.2 12.9 12.1 11.1 11.1 8.3 6.37 11.7 6.55 11.8 11.6 10.3 11.3 14.7 10.4 12.7 12.5 7.14 7.88 8.37 10.3 6.95 7.63 3.71 5.89 11.2 11 9.13 6.54 
11.5 12 7.14 12.3 10.1 10.5 8.54 7.49 8.59 11 13.8 9.63 15.7 13.1 13.4 7.54 7.88 12.7 8.84 6.71 8.37 10.6 9.31 11.3 8.09 10.3 9.04 3.65 8.95 7.37 
11.8 6.89 8.84 15.6 8.57 6.54 10.5 10.4 7.47 9.37 10.4 10.3 8.29 8.95 6.96 14.3 11.3 10.3 8.83 8.54 8.38 10.9 9.52 12.5 5.3 7.46 13.6 10.8 9.32 7.06 
12.7 13.1 9.12 11.6 14.8 7.64 12.5 9.64 9.06 13.6 12.1 11.6 11.1 10.8 12.8 11.3 10.7 10.1 11.4 7.31 6.05 10.9 5.41 9.54 8.91 15.3 8.5 8.72 6.24 8.14 
11.4 10.4 12.3 12.2 9.39 9.79 13.8 9.37 11.5 12.4 9.65 11.5 11.7 11.7 11.4 8.19 6.89 8.3 11.4 8.54 8.48 7.72 9.89 11.5 8.88 8.89 7.24 10.6 8.19 8.8 
8.96 9.32 9.13 8.33 10.3 9.37 7.64 8.26 4.24 5.89 8.29 14 6.99 3.83 7.56 10.5 9.88 6.13 7.65 9.17 10.1 10.5 9.54 7.78 10.6 4.06 10.3 10 10.6 9.15 
8.54 14.9 11 11 14 11.2 10.5 11.1 11.6 9.64 9.34 3.48 13.7 9.88 9.65 7.48 12.5 11.5 14.3 10.9 10.4 9.6 12 8.64 8.48 6.89 10.7 5.23 8.13 7.9 
12.2 9.31 7.72 8.37 14.9 9.54 9.7 7.65 7.23 10.3 6.06 14.4 6.89 13.2 9.31 8.71 9.98 13.1 12.2 7.81 7.95 10.5 5.13 6.08 7.54 9.47 7.65 7.13 8.31 10.3 
9.28 7.33 8.67 13.4 14.3 7.89 8.97 13.5 9.46 9.91 9.06 8.98 8.56 10.3 6.89 10.3 10.1 10.1 9.84 9.91 9.54 7.12 5.89 6.54 13.6 7.08 8.97 6.06 9.11 2.24 
10.6 11.1 15.2 6.65 7.96 12.1 11.7 9.79 10.2 7.71 7.54 14 10.6 11.9 7.88 12.4 12.6 7.83 10.7 10.1 8.54 12 6.07 12 5.46 9.06 3.89 10.1 8.4 6.49 
10.3 12.7 9.56 10.2 6.06 14.8 12.8 9.78 14.1 8.89 13.7 10.5 8.88 11.3 6.37 12 6.3 7.48 9.43 10.6 8.19 13.3 11.1 8.67 4.06 7.46 6.89 5.07 9.83 3.31 
12.2 11.8 10.5 10.8 13.1 11.4 9.63 12.3 8.99 10.4 10.6 11.7 6.89 8.77 13.3 12.5 8.81 11 6.3 5.14 9.07 9.46 10.3 5.3 8.95 12.8 7.59 11.5 10.7 6.65 
12.7 11.3 9.78 11.7 9.48 9.14 7.89 7.72 8.73 8.37 11.1 10.9 7.54 15.1 12 9.31 7.13 7.95 9.65 11.5 8.14 10.1 7.71 9.5 10.8 10.4 8.95 9.36 7.89 5.72 
7.14 9.49 12.5 13.5 10.9 12.6 14.4 7.19 12.4 10.4 10.7 9.3 9.84 8.36 7.49 6.54 11.4 8.95 10.7 7.71 14.5 8.01 11.3 6.28 9.49 10.1 5.72 10.6 11.4 10.6 
11 11.8 9.71 10.4 15 10.4 13.5 14.4 7.88 9.66 8.64 17 11.4 11.9 13.9 10.6 10.6 7.11 9.94 8.14 7.48 6.13 11.9 5.06 9.47 5.65 5.23 5.71 7.63 9.31 
9.61 8.8 6.71 7.46 9.1 8.54 11.3 9.29 13.4 7.55 14.2 9.04 9.09 8.05 6.3 7.71 7.89 8.3 8.78 5.71 6.01 10.1 5.72 9.64 10.1 11.5 8.31 9.88 6.68 5.89 
8.25 13.1 10.2 12.2 6.47 8.23 9.71 7.4 6.82 13.1 10.6 9.3 7.12 10.3 10.5 7.31 9.64 13.3 9.95 15.7 13.5 5.54 6.54 6.65 9.88 6.89 9.83 2.41 5.3 8.19 
9.06 11.5 9.53 11.7 8.78 10.1 12.2 11.3 16 11.5 10.8 9.05 10.8 9.28 13.2 11.9 12.9 6.48 7.48 9.23 9.33 10.5 11.4 6.19 11.4 12.9 7.06 11.1 5.24 2.89 
8.37 12.5 11.1 12.1 11.9 8.24 11.1 11.6 12.1 11.5 10.7 14.6 9.94 9.81 6.71 8.84 9.06 9.31 10.7 6.54 9.48 10.7 9.47 13.2 4.71 6.13 8.31 7.23 5.72 11.3 
10.3 11.5 13.3 8.19 9.01 10.5 7.48 10.2 12.9 7.7 11.1 8.88 7.31 6.49 14.3 12 11.8 10.9 10.1 7.89 7.37 9.05 6.5 11.4 8.79 9.08 8.64 6.48 9.71 3.06 
11.4 7.89 10.5 11.8 12.3 9.13 5.89 14.1 13.3 9.66 10.3 11.4 9.64 11 10.8 8.21 10.5 10.2 4.31 9.85 6.64 6.46 9.04 8.06 7.37 4.9 7.65 11.1 6.72 10.9 
11.1 14.7 10.2 6.96 11.4 9.23 12 8.64 9.31 6.88 15.9 11.8 8.32 3.81 8.33 12 8.53 7.95 5.65 9.49 5.71 7.72 6.91 11.5 9.79 8.19 6.89 7.88 6.66 7.72 
10.6 13.7 13.9 8.32 12.8 8.71 7.91 12.3 13.7 11.5 14.8 11.8 10.8 6.64 7.71 11.7 11 7.82 7.54 11.7 12.1 9.15 6.06 9.48 8.29 12.5 9.06 6.64 6.23 7.06 
13.5 9.7 15.3 13.7 10.5 11.2 12.9 11.3 12.3 11.5 13.3 7.94 12.2 11 9.75 7.47 8.67 9.46 8.24 8.88 13.5 10.5 8.4 6.47 6.95 10.7 5.23 5.71 3.48 9.29 
9.88 12 13.1 8.56 13.1 5.31 9.46 8.47 12 9.89 9.73 8.32 9.23 12.8 12.3 10.6 9.79 7.36 9.71 8.26 10.4 9.91 6.72 8.33 8.33 8.64 11.9 5.31 10.1 10.9 
10.7 9.55 15.6 11.5 12.1 13.3 13.2 10.7 10 13.8 8.06 9.32 4.13 4.9 11.1 8.48 11.7 9.32 7.89 10.2 9.19 10.6 9.95 6.64 9.61 7.54 6.88 6.73 5.23 4.65 
7.19 5.58 11.4 11.6 12.3 9.77 10.1 10.1 12.2 11.9 7.19 11.4 10.1 9.53 12 11.7 8.3 8.63 11.2 4.63 10.1 6.06 8.3 6.31 9.26 11 7.81 9.36 11.9 8.49 
10.5 13.7 10.7 10.5 7.4 6.89 7.07 9.87 9.7 11.1 11.3 11.7 12.4 6.79 8.6 10.5 11.9 7.47 8.37 11.7 8.23 9.3 8.18 7.05 6.24 12.3 5.72 4.24 8.71 8.31 
10.2 8.13 12.5 7.08 9.89 6.49 9.88 9.43 9.33 11.8 12.2 11.7 5.95 10.8 10.6 8.55 9.53 8.46 11.3 12.8 8.37 7.96 8.09 11.5 6.13 10 11.8 5.14 10.9 8.19 
10.6 6.89 13 14.9 10.9 11.1 10.9 6.71 10.5 10.1 11.8 9.48 12 14.1 12.5 8.07 8.65 11.1 10.6 7.9 8.98 7.43 11 8.67 5.3 11.7 8.71 8.37 6.89 9.85 
9.69 8.67 12.3 8.8 8.64 10.2 8.46 11.7 11.9 3.99 8.28 9.23 7.42 14.4 13.1 14.4 8.13 9.13 9.91 12.9 6.94 8.2 9.19 11.8 7.71 8.97 8.23 7.95 6.65 7.24 
11.5 11 7.66 9.16 9.89 3.3 9.32 10.5 7.06 12 11.3 10.1 10.1 11.9 7.13 7.48 11.5 10.5 8.71 3.3 6.71 7.46 10.6 7.72 4.67 13.6 11 9.7 8.32 6.89 
8.54 11.1 11.2 13 9.29 13.7 17.3 8.54 10.9 10.3 13.6 4.81 8.31 8.89 11.3 12.7 12.4 8.83 10.1 6.3 8.91 11.7 6.89 8.71 7.06 4.66 7.89 11.1 5.89 1 
8.95 5.89 14 6.7 10.4 11.2 10.1 10.8 10.5 8.54 6.12 12 9.79 11.2 9.6 11.5 11.9 10.7 8.96 10.7 10 10.4 13 8.47 5.81 7.54 5.58 3.48 5.3 8.19 
11.6 8.3 12.9 10.7 9.15 11.5 8.07 6.32 10.4 12.2 8.49 7.96 13.1 7.88 7.88 13.4 7.88 11.7 9.7 6.4 7.96 10.3 12.4 12 10.4 12.2 9.53 8.36 4.89 6.06 
15.5 15.6 12.1 10.7 9.38 8.56 9.56 12.6 11.4 11.2 5.89 10.1 9.71 8.15 12.7 7.31 11.4 10.8 12.2 8.81 10.6 10.7 7.85 7.48 8.74 10.3 11 9.08 9.14 9.95 
7.4 13.6 12 11 11.2 10.1 11.1 9.54 11.7 15.8 7.95 11.4 9.64 8.83 13.4 5.82 11.2 7.48 5.71 10.5 8.54 8.47 5.89 8.47 4.41 11.5 9.3 5.71 11.5 6.54 
14.2 10.2 9.84 6.89 12.6 11.1 9.5 14.5 12 9.71 10.5 12.2 8.73 7.9 6.89 9.93 9.06 8.9 6.58 8.31 7.9 11.1 10.5 5.89 11.1 8.87 12.1 6.54 8.95 8.24 
5.49 5.47 9.11 14.6 6.37 11.1 10.8 9.77 11.5 11.5 6.96 5.84 7.78 10.8 10.9 13.1 9.43 12.1 10.5 6.31 8.29 9.77 13.2 8.97 9.31 5.26 9.29 7.48 6.31 6.23 
9.77 12.8 14.4 8.49 11.3 10.5 12.7 10.1 10.6 8.55 10.6 12.3 11.2 13.1 10 8.54 5.06 8.89 8.37 12.4 9.83 8.12 11.1 6.71 12.3 10.8 8.4 6.37 2.65 15.1 
12.5 8.46 11.6 10.1 6.77 9.65 13.2 10.1 9.46 13.1 7.06 12.5 13.8 8.42 11.2 7.01 10.2 11.4 8.78 11.4 7.26 5.3 7.3 12.1 9.88 7.48 8.23 4.31 6.63 6.64 
5.89 12.6 12.8 12.4 7.29 13.4 16.1 9.47 5.84 6.48 8.06 6.81 10.3 10.7 12 11.4 9.65 12.5 11 8.29 9.53 9.91 11.2 7.16 6.36 9.28 8.06 5.95 4.31 6.31 
10.7 8.19 7.47 8.53 6.23 11.3 9.3 13.5 5.91 9.88 10.9 13.3 9.3 9.13 13.1 11.9 9.64 9.15 10.1 7.39 9.32 8.3 10.1 8.13 9.37 5.82 7.96 9.82 9.33 10.3 
9.43 12.3 8.07 14.7 11.6 14.2 13.7 7.32 6.94 7.19 8.63 10.7 8.91 8.78 7.3 8.87 11.4 16.8 8.19 6.47 7.55 6.89 11 12.4 10.1 10.5 9.14 12 4.99 6.55 
10.1 7.83 9.74 7.26 5.77 14.2 9.77 10.9 11.9 8.95 5.71 11.6 13 11.6 7.46 8.71 14 12.2 7.11 9.64 9.13 6.46 6.73 6.3 4.23 6.48 7.77 9.66 9.11 3.06 
13.2 12.8 6.71 11 14 10.7 10.9 9.83 7.31 13 8.71 5.97 5.24 10.2 9.31 7.12 15.5 11.7 10.5 12.7 8.14 10.7 9.21 10.2 6.13 5.71 12.2 2.07 6.99 7.48 
13.4 7.88 10.3 10.1 12.2 8.13 9.71 12.4 13 9.64 9.89 8.3 6.89 7.46 10.5 11.1 7.29 8.72 10.8 7.07 7.97 11.7 12.6 8.57 9.83 4.07 5.06 5.64 5.91 9.91 
10.5 11.8 11.2 9.52 9.54 11.6 16.3 6.12 10.9 9.66 8.47 7.7 8.09 6.71 14 7.83 6.08 7.59 5.72 11.2 7.96 10.8 13.2 8.45 11.5 7.61 7.48 9.11 7.96 8.24 
9.37 12.3 6.23 6.14 8.81 10.8 6.46 7.88 9.05 5.84 10.1 8.91 8.57 12 13.3 12.6 8.08 8.08 8.57 10.1 11.1 12.6 9.73 4.71 9.13 7.37 10.7 5.54 7.63 2.24 
9.54 9.7 15 10.8 7.54 9.84 14.4 10.5 4.66 10.1 8.06 11.3 8.78 13 15.9 11.8 9.05 9.19 5.24 7.89 8.89 10.7 8.12 8.46 9.3 9.3 9.3 4.89 5.72 8.26 
8.73 14.3 12.5 11.5 11.8 8.81 11.6 7.91 13.3 9.06 10.4 9.05 6.96 7.54 5.81 8.37 4.3 11 12.5 8.31 9.67 8.96 7.65 9.3 12.4 6.77 7.07 5.54 7.67 0 
11.3 9.88 6.08 9.29 7.66 11.7 11 11.5 13.9 9.01 11.5 9.3 9.32 11.2 7.96 12 6.77 8.07 8.78 10.8 9.84 10.3 10.3 13.9 7.46 7.23 7.9 12.3 8.65 9.02 
8.89 11.8 9.55 8.39 13.1 11.6 13.3 9.99 11.5 11.9 8.88 10 7.95 10.6 5.72 13.1 10.6 10.1 4.07 10.8 10.7 8.54 6.31 10.3 7.31 9.06 8.47 4.48 13.6 10 
11.1 9.5 12.1 7.5 11.8 7.81 6.89 10.2 5.71 11.8 9.77 9.11 8.96 12.7 10.6 10.7 10.3 9.55 10.5 10.9 6.24 10.6 7.31 10.7 6.89 6.89 2.58 11.1 6.48 7.6 
9.78 10.4 10.6 13.1 12.9 10.7 11.5 12.3 11.7 6.88 11.2 7.71 7.95 8.73 12 9.31 11.2 3.89 11.9 12.6 6.31 11.6 4.66 8.88 9.46 7.71 12.8 13.1 6.54 7.49 
10.2 11.7 13.1 8.06 12.5 12.4 9.53 10.5 7.13 8.19 8.95 9.33 8.28 11.7 9.21 9.31 12.5 9.46 9.49 10.9 5.83 8.6 6.71 7.64 10.9 10.8 8.6 5.71 8.37 7.89 
8.51 10.5 9.37 12.3 13.3 14.8 13.1 10.2 12.5 11.1 4.81 9.86 13.3 9.36 12 10.3 14.5 7.73 8.55 10.7 5.81 10.9 13.2 10.7 12.8 10.1 8.71 13.4 9.13 10.2 
8.49 11.4 9.63 9.63 10.8 9.77 11.3 11.5 5.72 10.2 7.95 10.9 13.8 9.76 5.72 11.8 11.7 9.84 7.65 6.46 10.8 6.89 8.89 10.8 7.91 10.1 8.07 12.4 4.81 3.06 
13.1 12.1 9.7 9.78 11.8 8.78 7.94 7.95 7.74 10 10.3 8.37 11.4 11.4 12.3 11 11 9.73 9.13 8.95 9.29 8.7 6.06 5.43 9.5 3.81 8.54 7.49 6.16 8.31 
13.3 14.4 9.49 9.11 11.2 6.82 12.1 8.95 6.89 13.3 13.1 12 10.9 10.4 2.24 8.12 14.1 9.96 9.72 9.94 11 13 10.2 4.06 7.5 9.23 8.66 7.82 8.26 3.3 
8.73 9.48 11.5 3.99 13.2 11.3 11.1 10.5 11 13.5 7.54 6.24 10.2 13.9 10.9 8.31 9.95 9.59 9.77 13.1 6.46 13.7 9.53 7.96 6.13 12.1 8.54 13.2 10.7 7.37 
9.87 15.5 13.5 9.98 10.5 9.35 9.64 8.54 14 9.35 8.7 9.06 11.2 12 8.89 14.4 12 12.3 5.83 6.54 5.06 10.8 10.7 9.13 5.89 12.9 7.3 10.1 10.8 7.46 
12.5 10.6 11.2 13.5 11.8 7.64 11.4 9.91 8.7 10.4 6.59 12.2 8.55 14.2 11.3 8.71 10.8 6.4 8.7 9.94 10.5 10.1 8.47 11.4 10.9 11.4 8.47 9.54 6.47 6.07 
12.1 11.2 11.8 7.19 8.77 8.19 8.12 7.96 12.3 12.3 15.2 11.6 8.64 9.43 12.5 9.56 10.2 12.5 4.64 7.12 11.8 9.15 11.4 11.9 5.95 6.24 12.6 6.5 6.54 9.54 
12 10.1 8.3 6.71 11.1 13.5 10.5 10.8 8.76 10.7 12.8 7.47 12.2 10.2 7.23 10.7 7.66 9.44 6.49 11.3 10.6 5.66 10.6 6.71 10.9 7.91 10.9 4.89 5.06 8.21 
9.07 8.37 9.97 14.3 12.5 2.89 9.29 9.06 13.3 9.95 11.3 8.07 9.53 8.68 9.48 13.6 8.14 10.9 10.1 11.9 11.5 10.1 11.2 13 6.31 12.1 10.8 6.29 7.54 3.89 
13.9 8.19 8.23 15.1 9.37 11.3 13.9 7.88 13.1 9.55 11.6 15.5 7.36 11.2 14.1 12.6 5.77 7.88 7.13 10.4 12 8.65 3.71 6.71 4.4 9.19 10.5 7.82 9.09 5.48 
10.4 12 11.4 8.54 8.64 11.8 10.3 11 9.28 10.5 9.88 7.31 6.14 5.49 10.8 8.13 11.4 10.4 5.55 7.23 13.4 7.95 13.9 7.91 13.7 4.89 3.48 7.63 8.07 9.82 
10.8 12.9 11.1 13 8.13 11 8.31 9.63 11.5 11.8 6.55 9.85 7.33 12.9 11 8.89 13.7 8.13 7.13 5.13 10.6 8.55 12.4 3.48 9.51 8.54 7.14 6.31 6.77 4.06 
5.48 11.7 6.89 10.3 10.9 9.59 11.3 9.57 6.54 13.8 10.7 9.11 12.3 7.23 10.8 9.33 11.7 6.31 13.5 11.6 7.65 10.9 11.3 10.8 10.2 7.13 5.13 12.5 3.66 5.54 
9.59 8.91 9.42 10.9 7.54 7.31 12.1 14.1 12 12.9 13.7 12.9 6.12 10.3 9.12 11.7 6.89 10.2 10.2 9.21 9.31 10.7 6.48 9.77 10.8 6.13 9.22 15.7 7.91 4.07 
10.1 12.1 12.9 11.3 10.4 7.37 4.48 6.83 9.15 12.9 10.1 12.1 12 11.7 12.4 6.54 9.37 7.66 8.84 12.2 9.23 8.67 6.3 9.05 8.78 10.2 10.2 7.7 2.65 5.71 
8.71 12.6 7.96 13.5 7.8 6.12 6.71 11.8 14.7 11.3 7.89 9.31 10.6 9.46 7.05 9.01 7.47 7.29 10.7 10.7 9.29 9.31 11.8 11.5 5.47 7.49 10.1 12 10.7 8.96 
11.3 12.1 10.8 3.66 11.4 10.7 8.23 9.31 7.23 11.2 9.72 10.5 10.4 8.06 14 11.6 9.37 11.2 8.84 8.71 11.3 10.8 10.9 6.83 5.96 5.05 6.29 8.89 4.48 11.5 
11.3 13.9 11.3 15.4 13.4 10.6 10 14 12.3 10.3 4.07 6.64 11 8.4 7.56 10.8 11 10.3 10.5 12.1 11 10.6 9.08 9.31 10.1 8.28 8.88 8.37 9.78 4.83 
8.47 14.1 10.3 8.73 12 9.57 11.9 11.3 10.9 9.66 11.5 10.6 13.1 12.5 9.54 6.71 11 10.1 11.3 7.54 9.42 13.3 8.31 9.15 12.1 8.39 5.12 11.1 8.71 8.66 
10.7 12.3 10.9 12.8 14.2 11.3 9.05 11.9 5.89 12.9 8.78 6.29 10.5 12.6 7.64 12.6 10.1 8.11 5.88 7.82 8.5 8.3 6.71 8.24 9.22 7.97 9.47 8.6 13 1.24 
12.5 10.1 4.64 11 11.6 14 13.4 13.1 15.3 13.2 14.6 7.65 10.1 13.8 7.39 8.87 8.56 10.5 8.19 7.47 10.6 11 12.5 8.99 8.89 10.5 11.8 12.7 6.23 7.3 
14.2 9.94 6.89 9.84 13.7 11.6 12.8 11.8 8.71 11.1 9.63 6.96 8.06 9.52 4.71 9.96 9.4 4.82 8.15 9.54 11.1 10.3 10.8 8.14 6.06 11 6.37 3.4 5.48 4.89 
10.5 14.6 9.72 5.46 7.73 10.1 12.1 11.3 12.4 12 5.66 11.2 4.82 9.96 9.04 10.1 8.93 8.96 9.42 10.3 11.1 9.13 9.95 11.3 11.1 5.9 10.1 7.33 9.19 4.89 
16.1 4.31 10.6 4.85 6.71 9.88 5.13 8.46 14.9 11.9 9.54 11.4 9.47 11.7 10.7 8.5 8.91 6.54 7.95 11.3 12.5 10.4 5.77 9.88 8.14 13.7 6.46 7.95 9.54 10.5 
12.3 8.56 8.71 6.64 14 8.16 6.85 11.8 11.5 10.1 8.7 7.91 10.7 9.77 7.46 12.2 9.05 15 9.24 10.4 8.07 12.9 11.5 7.7 9.96 5.06 11.2 6.83 5.81 8.6 
8.72 6.67 13.9 9.54 11.8 13.6 9.29 8.91 10.2 11.7 14.2 7.12 12.2 8.55 7.71 13.3 9.37 5.13 12.2 8.77 9.87 8.95 4.48 12 12.1 8.93 11.8 10.3 6.54 6.48 
12.2 11.1 15.2 5.71 12.3 10.1 9.61 8.54 10.1 4.26 7.13 9.31 11.8 9.7 5.24 6.66 9.32 11.4 8.54 9.54 9.36 9.88 11.4 9.71 10.9 6.31 9.06 11.1 5.4 9.59 
10.3 8.54 14.9 9.61 6.47 10.5 10.5 8.51 11.9 10.8 6.67 8.31 7.36 13.3 10.3 5.18 8.79 9.31 11.1 10.5 5.77 6.09 10.5 3 8.95 4.3 7.54 8.76 7.48 9.08 
9.02 11.7 11.7 7.77 10.4 17.4 7.07 9.71 11.5 7.72 8.3 13.5 10.1 10.5 13.4 9.74 4.41 11 13.3 7.31 11.6 8.35 9.77 6.71 7.71 10.3 10.6 9.48 7.72 4.48 
12.5 11.3 11.3 17 13.3 11.5 8.54 12.2 10.6 10 10.6 10.7 13 6.71 10.9 9.37 12.3 11.7 9.67 10.4 8.48 9.53 11.2 8.26 6.85 8.13 7.3 7.9 6.4 8.64 
12.3 5.95 7.68 11.5 7.54 13.1 10.1 14.1 7.12 10.1 10 15.8 13.5 13.7 6.4 13.1 11.7 5.31 5.24 8.31 5.71 10.8 8.88 9.46 8.71 8.42 11.2 8.01 9.29 8.38 
7.3 9.12 7.31 12.2 9.06 4.66 11.3 9.79 3.24 12.6 11 11.2 10.4 12.2 11.9 3.89 11.8 9.29 10.2 11.4 7.49 10.6 7.23 12.1 8.67 13.1 5.43 7.23 3.89 7.47 
9.05 9.47 14 8.31 12.4 9.42 4.65 10.1 10.9 12.5 13.1 8.95 12.4 9.53 12.8 10.1 8.37 10.1 11.7 13.9 9.2 9.13 5.24 11.7 10.7 6.54 4.47 6.83 11.1 8.21 
13.2 10.8 6.3 13.7 12.8 11.1 7.36 13.3 10.9 7.23 14.5 11.6 9.96 14.3 7.49 9.87 10.5 9.88 11.5 9.19 8.12 10.1 9.33 12.7 8.8 11 7.78 4.71 13.6 4.65 
8.88 9.19 10.1 6.99 14.7 13.7 8.05 9.22 7.65 7.31 9.19 9.52 9.14 13.6 11.1 10.1 8.13 12.2 9.64 10.5 7.5 9.52 9.85 7.29 12 7.37 10.8 8.55 6.7 9.35 
7.3 6.85 9.69 11 10.9 11.7 11.8 10.4 13 7.06 8.95 15.8 9.42 12.9 10.3 11.5 12.1 8.55 11.1 15.8 7.77 10.5 10.5 14 4.41 9.71 14 13.2 6.46 5.58 
8.37 9.47 13.1 10.5 15.1 8.13 9.71 7.31 9.47 10.5 7.06 13.6 12.5 12.4 8.13 9.73 11.6 9.56 10.5 8.95 10.4 8.72 12.2 12.5 11.9 8.13 10.5 10.4 8.05 2.48 
10.7 13.5 10.5 9.88 12 11.5 9.4 7.88 13.8 10.4 13.9 9.22 11.2 9.42 12.3 9.3 8.71 11.7 12.2 12.1 7.71 11.9 6.8 7.71 6.97 7.67 5.54 12.7 8.19 8.23 
11.8 12 13 11.6 8.14 12.2 11.8 9.54 11.5 12.5 13 14.4 9.89 8.31 11 8.48 9.95 8.87 8.23 14.7 7.72 12.7 9.54 9.06 11 11.5 5.02 11.1 4.31 9.81 
13.9 7.3 9.01 11.6 10.4 8.96 13.6 12.2 12.5 9.71 14.5 14.1 8.06 9.63 10.5 8.23 9.38 9.8 9.81 7.42 6.31 6.82 9.96 7.36 11.6 2.47 12.8 4.06 7.3 9.71 
