0.91588 10.5041 4.48035
0.918627 10.6657 5.88498
0.921383 10.6858 5.96816
0.924147 10.3485 7.33492
0.92692 10.6782 5.78883
0.929701 10.1836 5.9607
0.93249 10.279 6.29855
0.935287 10.1563 4.15388
0.938093 10.4218 7.2162
0.940907 10.2676 4.75697
0.94373 10.0686 6.43902
0.946561 10.2832 6.24327
0.949401 9.76555 4.8404
0.952249 10.3611 5.89713
0.955106 10.0094 6.93965
0.957971 9.93852 4.89583
0.960845 9.92661 4.58285
0.963728 9.55514 4.93531
0.966619 9.22218 4.40466
0.969519 9.46269 5.499
0.972427 9.0167 3.78994
0.975344 9.57675 3.31126
0.97827 9.10959 5.65154
0.981205 8.93183 5.66686
0.984149 8.59963 5.61586
0.987101 8.71519 6.7037
0.990063 8.60876 5.29562
0.993033 8.19564 8.20494
0.996012 7.61073 5.49433
0.999 7.15762 6.9617
