10.1 11 6.12 11 5.82 8.89 11 9.23 12.3 9.66 7.21 10.5 7.37 10.6 9.19 7.05 14.3 7.37 11.9 6.71 10.2 12.6 6.06 13.5 7.71 8.12 9.35 6.26 13.6 9.8 
10.1 10.6 7.37 6.96 15.1 14.4 16.5 4.89 8.78 8.6 13.1 11 9.64 14 8.8 8.53 7.07 10.9 10.8 8.06 7.48 3.89 13 12.7 13.9 6.65 11.2 9.55 9.72 6.99 
13.2 9.7 5.71 13.3 6.89 11.9 8.5 8.14 10.6 14 8.53 10.7 7.77 7.89 15.2 8.95 9.3 11.1 8.15 9.71 8.71 11.9 3.71 13.8 10.4 11.6 8.63 10.5 10.4 11.2 
16.5 8.51 12.9 9.3 10.2 10.2 10.3 11 12.6 9.19 9.32 12.7 8.12 7.66 9.72 10.2 6.72 9.31 11.3 8.71 11.9 3.66 9.36 10.2 9.2 7.83 8.35 9.59 10.1 10.6 
14.2 10.6 10.3 7.37 8.95 7.06 8.15 5.24 7.37 11.3 9.89 11.7 11 7.37 8.82 10.5 8.39 9.98 8.94 10 10.1 8.13 10.7 6.71 10 7.56 8.39 8.73 9.5 9.02 
4.89 11.1 6.26 11.5 8.08 9.05 11.7 9.61 10.4 7.37 6.3 6.48 7.13 6.89 7.33 8.3 7.77 10.6 12.1 8.91 9.13 9.37 8.95 10.3 11.4 10.8 10.9 7.37 12.8 9.11 
8.54 8.7 10.8 11.7 10.3 9.36 11.4 8.3 12.2 9.42 10.2 5.9 9.35 10.5 12.3 11.5 8.53 11.6 10.7 8.54 6.82 7.97 10.9 8.73 12.6 9.37 5.49 12.8 7.31 11.8 
10.7 5.26 8.96 12.6 9.77 10.3 7.6 8.54 8.31 11.9 8.39 8.78 10.8 7.78 8.71 8.54 6.13 9.89 7.08 7.49 9.6 8.31 9.89 10.7 3.72 11 13.7 6.14 10.9 6.64 
13.6 9.46 10.5 10 6.89 13.1 9.9 7.96 11.5 9.23 7.88 11 11.4 6.71 5.99 9.29 5.48 4.31 7.96 3.89 8.08 13.4 8.95 9.49 8.78 9.29 8.93 13.2 10.5 12.2 
9.71 11.8 14.5 7.14 8.91 8.71 10.5 9.46 10.3 9.42 12.4 7.73 4.71 10.3 9.7 8.06 6.54 12 12.5 10.2 8.4 9.75 11.2 10 8.54 7.37 7.89 10.5 13.1 10.9 
8.54 13.9 8.19 8.37 10.1 8.54 7.89 9.05 10.4 8.3 7.31 9.53 9.38 8.6 6.31 10.9 9.9 10.2 11.7 13 7.95 11.1 5.07 6.81 11.9 5.07 8.08 8.89 8.37 7.72 
9.59 11 8.23 11.5 9.47 5.64 11.5 7.54 6.65 10.8 7.72 8.23 10.8 10.3 9.5 8.7 7.59 8.08 10.8 9.71 7.95 8.12 11.5 9.14 10.3 8.6 8.54 7.95 9.19 11.7 
13.8 6.13 7.37 10.6 9.91 7.29 13.2 8.19 10.4 6.77 7.14 10.5 10.8 7.95 6.31 6.89 9.47 9.65 8.31 6.06 8.32 8.73 8.37 7.88 12.9 8.74 8.31 12.3 7.47 11.8 
12 9.4 11.6 8.95 10.5 7.07 8.88 10.6 9.31 7.89 10.3 10.1 8.91 6.48 8.65 10.2 9.33 7.08 9.98 9.88 8.89 10.3 8.4 8.71 13.5 7.81 13.3 10.1 11.6 7.88 
10.4 10.2 7.78 2.83 4.85 13.3 7.37 10.4 9.01 11.1 7.4 8.67 10.4 9.42 8.95 11 10.1 5.24 9.71 7.74 6.23 10.6 7.88 10.7 9.54 10.7 7.29 7.81 10.9 5.65 
12.7 12 11.9 8 8.79 10 9.9 6.7 9.71 10.7 8.37 13.3 11.5 7.8 7.3 6.4 9.46 2.48 10.5 9.04 11.3 9.19 14 6.13 11.3 12.9 7.89 9.07 11.5 10.1 
8.73 10.2 10.9 9.39 12.4 9.84 11.4 8.37 8.47 9.29 9.97 9.8 11.9 8.77 13 10.8 10.7 7.07 6.06 13.6 8.3 12.6 8.02 10.4 10.5 6.78 7.72 9.31 9.96 13.8 
8.19 14.8 11.3 8.54 7.23 12.7 12.2 12.9 10.3 12.1 9.66 9.37 10.8 8.7 10.6 10.1 9.83 8.54 12.1 11.5 11.9 9.88 5.88 10.5 8.13 7.71 5.3 11.1 7.07 12.1 
7.07 11.9 12.8 10.5 5.48 11.1 9.78 10.2 13.2 10.4 11 11.5 7.42 14.1 5.71 10.6 10.7 12.6 11.7 10.8 8.88 8.15 10.1 7.89 13.1 9.77 8.19 10.3 7.14 14.3 
12.1 5.9 8.96 7.72 10.7 6.42 7.31 10.3 9.78 6.06 6.67 9.54 8.37 9.29 8.67 5.06 8.54 8.64 10.6 15.6 6.13 9.61 13.9 9.41 8.79 6.48 11.8 6.5 7.84 11.7 
11.4 12.9 12.2 8.71 11 10.2 9.91 9.37 9.34 11.9 12 10.5 6.47 10.2 6.6 9.11 10.1 8.02 8.67 6.48 4.06 1.83 8.46 11.6 7.54 9.89 7.65 12.6 11 5.56 
11.9 13.2 5.48 8.19 8.47 12.4 9.46 6.95 9.53 7.47 12.5 7.46 12.9 8.15 8.81 8.23 10.3 11.7 7.96 7.54 11.9 8.72 9.72 14.8 8.19 8.89 13.3 7.7 12.1 11.5 
13.3 11.6 7.3 10.4 6.89 12 8.11 9.59 9.51 9.3 8.48 8.91 7.4 12.2 10.9 8.36 11.8 7.89 8.11 10.6 5.71 11.5 9.31 8.46 6.71 6.14 7.65 9.47 10.5 9.95 
10.2 9.98 12.7 5.68 7.78 11.5 11.9 9.79 9.37 7.54 11.3 11.8 7.78 13.3 11 9.71 9.55 8.79 10.9 7.3 11.9 10 10.3 10.3 9.71 8.35 8.95 8.71 5.31 7.42 
9.29 6.71 9.95 9.23 8.56 2.65 8.14 7.31 11.6 9.13 9.65 11 8.23 9.47 8.45 9.56 9.83 9.66 9.7 10.6 5.4 8.71 4.13 9.06 7.45 11 10.1 6.12 11.7 12.7 
6.07 14 9.54 10.1 8.71 10.3 9.72 11.3 9.74 8.37 11.2 13.7 9.96 16.2 10.7 12.9 11.1 8.23 6.08 10.5 9.06 14 11.7 9.05 9.07 8.54 8.54 9.9 11.7 11.1 
9.96 5.13 10.8 9.48 7.77 14.4 7.24 9.97 12.3 11 10.5 12.1 7.14 10.5 6.31 11.9 7.8 7.94 12.3 8.72 8.95 6.95 12.4 8.36 4.54 7.95 8.48 9.76 11.4 8.46 
11.7 8.89 2.47 9.19 6.95 11.2 3.89 5.07 4.12 9.8 8.33 7.13 8.96 7.23 11.8 10.3 11.3 6.48 7.71 6.07 14.7 10.8 9.6 9.8 7.88 7.46 13.4 11.6 11.1 9.4 
7.08 10.5 6.89 8.19 14.6 9.72 10.1 12.2 9.52 6.3 8.12 12.8 5.14 11.1 6.14 5.48 8.61 12.9 11.7 9.14 6.82 7.12 8.57 11.5 12.1 9.21 5.24 8.72 10.3 10.6 
11.6 10.5 12.7 10.6 10.5 7.5 7.13 12 7.68 8.46 9.37 5.71 9.6 12 13.2 12.6 9.67 9.48 8.06 12 10.7 7.37 10.5 10.7 8.23 10.8 6.89 10.7 7.47 9.97 
9.3 9.3 8.3 11.5 3.65 5.63 10.4 7.71 10.3 10.7 11.7 7.32 9.3 11.1 6.71 11.5 9.48 7.31 9.19 6.3 13.5 9.72 6.57 5.12 9.48 11.4 7.64 9.95 6.48 5.23 
10.6 8.91 10.6 7.37 12.3 5.13 7.66 11.9 6.4 11.5 6.07 8.29 12.2 7.7 8.55 11.5 4.65 9.73 9.95 10.2 10 3.48 9.95 6.28 12 13.4 7.91 6.65 8.79 6.78 
5.46 10.2 8.3 8.3 11.1 7.71 10.5 9.14 10.1 10.3 8.07 8.06 14.7 9.37 7.08 6.06 9.48 7.06 10.5 10.4 5.31 7.14 10.6 12.7 14.3 4.47 7.7 6.89 8.06 10.2 
5.48 6.55 8.57 8.78 7.52 9.98 11.3 8.7 11 7.96 5.89 3.66 11.3 10.8 11.2 8.11 10.5 9.82 8.66 6.12 6.64 11.4 7.95 9.49 6.96 6.91 10.2 8.31 7.54 6.31 
9.88 6.38 10.9 6.96 5.58 12.1 11.6 6.12 11.1 7.64 11 11.3 11.9 12.8 10.2 6.94 10.4 10 6.13 8.06 9.72 7.66 9.42 8.54 2.24 3.07 11.1 6.31 6.91 9.13 
8.94 10.1 11.3 8.03 8.05 6.48 6.99 9.08 11.4 4.24 10.1 9.86 10.6 10.3 6.88 8.11 9.28 12.3 7.79 12 8.06 5.54 7.23 7.88 9.11 5.12 9.37 12.9 11.4 5.48 
10 13.1 7.71 7.95 13.6 13 11.5 10.5 11.2 10.7 7.63 12.2 7.96 12.4 10.2 8.97 10.3 9.65 6.91 10.5 9.3 9.48 8.13 6.67 7.36 5.91 10.2 11.7 6.82 8.84 
8.31 9.89 8.23 8.37 7.54 7.8 9.71 9.23 11.4 10.9 8.66 10.1 7.6 7.5 6.07 7.8 10.7 10.4 9.82 7.13 12.5 9.19 6.88 8.13 6.88 9.01 5.82 8.13 8.36 8.54 
10.1 9.38 10.2 8.38 6.89 8.96 12.5 6.95 5.3 13 10.9 7.5 5.66 11.4 9.29 9.72 10.3 8.23 11.1 7.05 8.71 8.05 12.8 8.82 8.37 5.24 8.46 11.8 9.11 5.24 
9.89 9.99 7.56 5.88 9.79 11.7 8.78 7.31 12.9 6.72 8.91 11.3 11.6 8.78 4.99 13.5 9.96 11 8.46 9.55 9.71 10.1 10.9 6.81 4.47 9.66 8.46 1.41 9.82 10 
8.37 11.2 7.46 11.6 11.5 9.39 9.57 12 12.5 14.2 11.2 12 6.96 8.54 8.53 10.6 3.47 4.24 10.9 7.06 12.4 9.97 7.06 13 4.24 9.54 11.9 7.64 7.78 9.1 
8.78 10.7 9.52 12.5 14.9 10.7 13.3 9.88 6.08 7.08 13.3 11.2 7.32 13.3 8.3 8.14 4.89 13.6 8.72 12.9 4.89 11.3 10.3 3.48 9.37 10.5 8.37 9.88 10.3 7.97 
12.1 9.48 4.54 6.48 7.43 7.49 11.4 10.3 4.31 9.3 10.8 9.13 8.71 12.7 9.82 8.71 8.36 7.46 12 10.6 10.5 5.16 7.95 14.9 10.3 6.91 7.72 9.48 11.4 9.05 
10.2 9.95 8.37 12 7.56 9.25 7.47 8.37 10.5 4.65 7.95 5.05 9.52 10.3 3.81 8.71 10.7 7.3 9.6 8.8 6.31 7.95 9.33 9.36 10 9.37 8.14 12 10.5 9.15 
14.4 10.1 9.33 7.89 11.8 12 7.8 6.71 12.2 9.53 8.53 12.1 7.23 14 8.14 12.9 9.01 11.6 4.95 9.13 9.61 13.1 10 8.71 7.36 7.78 8.95 6.77 10.2 7.55 
12.8 9.3 11.9 11.4 13.5 14.8 10.8 8.37 9.7 11.1 5.31 7.48 8.12 9.3 8.7 11.3 9.94 7.64 12.7 9.89 7.72 7.95 14 11.3 9.12 11.2 9.87 9.47 12.1 7.58 
8.32 9.64 14.7 11.3 9.16 13.4 7.98 11.6 9.21 7.95 3.24 14.5 12.7 5.72 9.07 7.13 11.9 7.7 11.1 9.82 5.65 10.4 12.2 11.8 12.5 8.71 14.3 11.6 8.13 9.78 
8.96 9.26 12.6 12.6 10.2 8.96 14.5 9.78 8.78 10.6 8.97 5.48 10.6 7.54 9.53 10.7 4.4 8.15 11 12.3 10.2 9.19 8.65 8.71 7.26 7.13 4.72 9.29 5.54 10.5 
8.35 10.3 10.9 11.7 9.94 13.3 8.66 6.13 10.5 13.1 6.23 12 8.07 13.1 10.6 6.54 9.73 8.33 7.71 10.1 11.5 10.2 10.5 8.32 10.3 8.19 8.08 6.47 7.9 9.11 
10.8 9.9 8.28 10.1 3.71 7.13 9.4 11.7 10.1 10.4 8.97 10.3 6.37 7.08 7.6 8.53 9.8 9.51 9.55 9.07 9.46 7.89 4.23 8.5 12.3 8.54 10.6 10.5 4.89 9.84 
11.3 12.7 10.4 11.1 5.66 10.8 10.4 9.56 9.56 2.65 11.7 11.4 8.72 10.2 8.04 9.14 8.91 10.5 8.96 8.25 11.5 9.88 11.9 9.73 8.23 7.79 8.19 9.9 7.89 12.2 
17 12.6 9.15 10.1 4.94 9.6 9.05 7.21 9.97 9.73 10.8 5.82 7.54 9.82 9.54 11.1 6.3 6.72 8.65 5.71 11 9.84 8.36 10.6 10.8 9.93 11.9 11.5 13.6 10.4 
6.64 6.31 8.81 14.2 10.4 10.7 11.8 6.71 7.13 7.78 10.5 13.1 10.3 7.95 6.46 12.3 9.09 9.37 10.4 7.95 11.2 10.5 8.3 11.4 9.7 11.9 6.71 6.85 7.67 7.4 
10.2 7.5 9.89 10 9.11 12.4 11.5 9.87 10.1 7.73 8.37 12.4 12.1 14 11.1 12.2 9.94 14.9 6.13 8.71 7.31 10.7 10.3 6.06 12.1 10.5 6.14 1.41 6.91 13.9 
12.5 12.7 10.2 8.71 7.06 9.06 14.1 8.08 12.8 8.42 11.8 9.47 12.2 8.06 8.11 7.55 7.97 3.89 9.42 6.49 10.9 10.2 11.6 7.96 9.06 7.46 10.9 9.95 4.31 6.71 
8.3 8.81 8.13 12.1 9.68 9.54 6.72 8.56 6.54 10.3 9.12 6.72 9.06 10 10.8 12.5 9.06 7.99 7.12 12.4 4.06 13.2 4.06 12.3 10.5 11.7 5.66 12 7.89 11.1 
11 9.59 10.5 8.19 12.1 9.64 8.99 9.19 13.8 11.8 5.84 5.54 8.06 10.1 6.65 9.01 7.64 9.47 8.77 12.1 10.8 11.5 12.2 8.06 6.15 11.6 6.71 11.6 8.72 10.8 
7.9 7.31 10.6 9.97 8.71 9.78 8.83 13.8 3.49 9.95 13.1 9.88 3.65 8.31 8.12 7.24 9.19 7.95 8.81 11.2 12.5 6.26 10.7 10.5 8.81 10.5 12.1 9.37 7.12 8.88 
10.3 8.71 6.6 9.37 9.64 9.37 3.48 12.3 10.1 7.71 8.95 6.08 8.49 4.89 9.19 10.2 11.1 7.47 11.7 9.3 9.88 6.95 10.6 9.13 9.06 8.06 8.77 12 11.7 9.13 
7.05 7.14 10.6 6.46 1.24 13.5 8.13 8.52 10.1 5.54 6.48 9.95 11.4 6.71 6.89 10.9 12.9 2 6.81 8.13 6.64 8.54 6.58 7.83 9.93 5.3 5.83 11.5 12.2 7.77 
8.89 11.1 8.48 11.3 6.71 11.2 7.95 7.4 11.5 10.8 9.57 14.3 11.3 9.22 10.2 10.9 11.3 9.37 6.64 11 13.2 9.54 9.55 5.72 7.64 12.5 10.7 9.95 7.46 11.9 
8.65 9.06 12.4 12.4 10.1 7.78 13 13.7 9.23 11.9 8.73 10.5 10.2 10.9 13.8 10.1 11 9.95 8.7 9.89 7.32 6.71 11.1 9.96 9.28 6.89 8.88 9.94 7.13 3.07 
8.78 6.71 5.43 9.22 5.31 8.45 7.47 6.61 11.5 9.73 9.71 9.49 9.61 11.2 8.54 6.96 3.89 8.06 9.23 4.31 9.15 10.3 6.12 8.3 10.3 8.48 6.72 7.24 11.3 11.9 
6.81 15.1 9.63 8.22 7.13 7.6 6.72 12.5 9.36 13 7.71 7.12 5.07 10.5 7.71 9.54 12.6 8.3 8.96 8.39 7.47 7.06 8.96 9.05 5.71 9.46 8.12 9.49 4.16 10.1 
5.65 8.88 11.4 11.7 9.14 10.2 5.06 10.9 10.3 7.54 6.54 9.51 11.3 11.3 10.3 10.6 6.48 6.08 10.4 8.29 7.4 7.22 8.54 5.77 12.3 6.49 8.54 10.7 10 12.8 
9.11 10.1 7.31 11.8 10.9 11.1 6.54 10.4 9.71 9.11 13.8 8.22 11.5 7.65 9.46 7.89 11.1 10.4 12.2 7.06 12.9 6.32 13.1 11.4 10.3 7.91 11 8.18 9.01 10.3 
11.3 10.5 10.5 10.8 12.1 9.71 12.8 6.3 7.47 7.13 9.96 10.1 9.78 11.7 8.91 5.64 9.12 10.9 6.89 10.5 9.53 6.37 11.2 16.6 13.5 10.1 9.79 5.89 9.42 6.24 
8.06 9.06 10 8.48 9.16 13 5.58 6.46 8.31 11.9 8.95 11.9 11.9 5.83 12.7 7.71 10.7 5.3 11.1 6.49 8.47 8.54 11.5 8.13 12.2 12.7 9.72 6.64 12 6.54 
13.9 9.37 10.3 10.4 13.5 9.32 7.95 10.6 11.7 7.47 9.93 9.73 11.8 7.61 8.88 10.3 10.6 10.4 8.73 10.3 5.31 7.72 9.47 8.17 9.81 11.2 10.5 5.89 4.72 11.6 
12.8 4.89 10.2 7.54 11.4 8.55 6.67 8.91 10.7 5.81 7.54 6.65 8.54 8.61 6.95 8.31 9.04 8.13 8.05 6.72 5.87 3.07 7.98 10.7 7.07 12 12.5 6.54 9.48 12.4 
13.8 11.9 9.3 12.2 11.6 9.07 11.4 10.8 10.7 12.2 9.31 12.8 11.2 13 4.48 7.23 9.61 9.29 8.5 8.46 11.9 9.54 7.77 7.48 9.77 9.36 8.4 11.4 10.9 11.1 
10.1 7.5 12.3 7.53 11.5 11.4 8.48 11.6 7.53 8.54 9.54 10.5 10.9 5.81 5.48 9.61 10.8 7.88 9.61 6.72 12 10.9 6.78 7.67 10.5 6.98 9.3 6.54 14.5 10.4 
7.54 14.9 9.07 10.7 8.71 8.88 10.1 8.64 12.7 4.96 7.24 9.56 9.32 9.06 11.1 6.06 9.86 8.4 13.3 6.48 10.2 13 8.42 10 12.5 12.5 9.88 8.66 6.48 11.2 
14.2 12.9 10.5 8.89 7.49 9.64 11.5 8.72 6.4 8.55 12.4 9.54 10.9 8.28 8.48 13.5 4.24 7.5 8.89 8.19 6.39 9.4 10 8.89 12.2 9.06 11.1 10.8 8.73 6.73 
11.1 10.3 12.3 11.9 11.8 8.19 9.3 9.23 9.73 9.9 10.7 7.4 12.9 12.1 8.29 12.6 9.31 9.28 9.48 11.9 11.4 6.28 14.4 7.9 10.9 10.6 7.19 7.89 7.36 10.7 
8.71 7.28 7.95 11.3 13.1 8.88 8.96 9.12 7.71 7.94 11.3 12.5 9.54 10.3 8.13 4.06 11.3 8.74 9.6 8.32 5.4 5.14 9.12 8.78 10.7 9.59 10.7 9.55 5.99 15.3 
7.31 5.89 10.1 11 9.66 9.02 10.4 8.95 9.53 11.4 7.49 0.828 6.32 7.89 7.47 9.46 7.47 5.72 13.9 10.3 8.01 5.16 12.2 7.46 9.22 12.3 7.94 8.78 12 11.3 
7.37 11.4 10.8 9.14 9.07 7.78 7.37 9.29 9.07 8.42 8.46 7.54 9.56 8.31 8.29 11.7 11.9 10.1 6.37 4.3 9.47 6.87 9.67 11.4 13 9.94 6.4 8.56 10.4 9.88 
4.67 11 13.6 7.5 13.5 4.89 8.32 7.05 6.14 8.72 7.6 6.54 8.96 7.36 7.71 9.37 11.4 9.71 8.37 8.29 3.66 9.21 9.95 12 8.91 9.06 11.2 11.8 6.95 7.56 
10.8 9.25 4.07 9.3 10.1 7.01 8.91 6.06 11 7.47 9.89 10.8 10.8 12.9 9.31 6.98 4.48 6.54 12 6.06 11.4 10.3 9.46 6.94 8.96 8.3 13.5 12 10.1 5.71 
10.5 9.55 10.9 11.3 12.8 12.5 9.06 10 7.64 12.1 10.7 3.31 7.06 4.63 11 8.73 11.4 11.8 7.47 9.29 7.31 6.3 9.7 10.2 8.11 11.4 8.56 9.15 8.4 9.65 
12.3 13.1 9.35 8.48 10.3 11.2 7.88 10.9 13.5 9.54 8.37 6.6 10 6.54 7.66 13 7.06 13.6 7.08 10.9 7.08 6.08 10.3 8.97 9.3 11.4 8.72 6.88 9.53 10 
7.4 10.3 7.89 11.8 7.47 12.5 6.72 6.5 9.73 10.1 9.47 7.06 8.36 4.31 11.6 10.1 8.37 9.39 9.29 9.2 9.06 7.06 12.8 14 15.1 11.5 12.6 11.9 9.93 6.49 
10.5 9.82 13.3 8.78 10.1 6.12 10.1 8.94 11.6 10.5 13.5 10.3 5.95 9.54 8.8 11.7 10.3 12.5 9.72 8.72 7.69 13.3 8.06 10.2 9.97 11.4 9.78 8.51 11.4 12.5 
14.3 8.37 8.64 15.2 8.96 12.8 6.06 6.36 6.13 7.06 8.07 7.67 11.8 3.65 9.07 9.72 8.93 8.88 6.77 7.13 8.28 9.13 11.1 13.5 9.14 7.37 11.9 6.49 7.9 4.99 
12.1 9.71 11.6 10.3 8.48 11.6 9.06 11.6 6.54 5.77 8.89 6.89 7.8 6.48 8.88 11.9 11.6 12.1 8.05 5.9 6.54 11.6 11.7 4.95 10.6 12.2 9.25 6.54 6.3 11.8 
5.72 10.5 8.08 8.48 9.19 6.31 9.06 8.6 9.45 5.95 8.7 8.89 11.3 5.4 9.19 14.6 6.89 11.6 7.67 9.19 11.5 9.99 10.5 8.24 7.97 8.14 9.23 10.7 5.07 10.5 
13.6 7.23 9.73 9.21 11.5 3.06 14.3 9.53 9.3 11.6 7.05 5.31 12.3 8.13 8.37 11.8 7.48 11.9 8.4 6.88 5.81 13.3 10.1 9.3 3.07 10.6 10.2 10.1 4.13 9.37 
9.78 6.87 11.7 8.65 13.1 9.4 7.72 8.13 7.91 9.58 12.5 8.23 7.95 12.5 9.46 9.23 7.65 9.78 9.37 6.82 8.95 9.19 10.9 11.3 11.8 10.5 7.89 10.1 7.51 8.32 
5.48 8.29 15 6.28 11.7 6.64 8.96 6.3 8.64 10.1 9.15 11.5 8.54 13.5 10.4 14.4 6.72 7.8 4.14 8.54 11.8 6.78 12.2 9.42 4.89 9.66 11.2 10.9 11 7.59 
14.3 9.25 12.4 10.7 7.89 5.82 12.3 9.49 11.1 8.7 9.7 4.89 12.7 8.06 9.71 5.89 7.71 7.23 5.13 12.4 10.9 9.9 7.81 9.84 14 6.3 6.81 13.7 11.7 7.71 
11 4.83 10.4 10.1 11.5 9.5 6.65 9.29 9.74 12 10.8 9.06 10.4 14.2 11.9 10.8 9.95 9.97 12.1 11 9.88 13.1 9.95 6.14 11.8 13.3 10.7 8.28 9.06 7.94 
9.54 13.7 6.06 14.4 12.1 7.47 8.54 9.3 11.9 8.71 11.6 8.54 8.46 10.1 7.12 8.31 9.21 9.66 5.64 7.88 10.4 11.7 10.3 7.08 6.89 10.8 13.1 10.1 9.53 9.4 
9.52 13.1 11.3 7.83 14 5.31 10.2 11.6 5.54 11.9 11.1 8.59 11.7 7.06 9.19 8.96 7.47 10.9 11.2 7.63 11.1 7.26 6.71 12.4 11.8 5.06 5.82 11.6 6.68 10.1 
12.3 14 13.4 7.47 10.1 5.91 10.9 5.97 7.23 7.95 5.89 6.64 8.59 8.42 10.3 9.14 12.7 12 12.3 9.76 8.06 7.54 7.08 9.74 10.8 4.31 6.06 5.95 8.19 6.96 
11.1 9.19 12.6 15.3 6.94 9.46 8.31 8.29 4.48 4.31 13.8 11.8 9.26 10.7 14.3 7.88 10.5 11.2 4.3 15.6 7.71 8.89 8.56 12.3 11.6 8.57 7.14 9.97 11.5 11.5 
9.12 8.48 8.91 8.14 9.73 7.54 2.83 9.8 10.7 8.02 8.54 8.71 10.1 5.3 9.36 9.54 8.93 5.72 5.16 8.54 6.66 9.39 5.82 11.1 8.82 12.9 3.24 7.96 8.89 8.76 
9.66 7.31 11.2 8.89 12.6 9.64 9.8 4.71 8.54 7.43 7.47 12.6 5.05 10.2 11.2 9.29 6.06 12.3 10.1 7.64 9.52 7.49 10.9 11.9 14.2 9.53 2.89 13 10.3 7.88 
9.54 7.6 8.24 7.88 8.31 10.6 8.54 12 11.5 6.67 9.83 9.81 7.22 8.54 8.22 3.89 13.1 8.33 8.82 8.13 8.13 11.5 8.48 9.77 10.1 9.82 10.1 10.8 8.95 6.13 
13.8 12.6 10.8 8.47 7.73 9.52 12.1 12 9.7 3.89 11.9 11 9.54 7.06 6.9 7.47 12.1 7.88 14.8 11.1 10.8 8.8 8.13 5.89 8.12 8.19 10.5 9.32 7.32 12.5 
