10 10.1148 6.60318
12 9.8366 5.50516
14 9.73798 5.57915
16 9.65221 4.54414
18 9.42129 6.83593
20 9.50542 6.19028
22 9.38753 5.61192
24 9.08103 4.09838
26 9.54521 4.78951
28 9.10411 5.3229
30 9.33719 4.32771
32 9.30535 6.61586
34 9.36213 4.53941
36 9.38947 6.47555
38 8.93699 4.35269
40 9.425 4.87522
42 9.1537 4.67963
44 9.03751 5.51239
46 9.26015 4.75578
48 8.99514 4.97976
50 8.96398 5.50141
52 8.94036 6.09974
54 9.46343 5.15626
56 9.47952 5.52486
58 9.5893 6.5499
60 9.07759 5.00308
62 8.99515 5.30097
64 9.24525 5.23698
66 9.13162 5.24967
68 9.42415 5.51442
