11 10.5 6.64 9.26 10.6 13 11.7 10.6 9.54 7.7 11.7 7.89 13.8 11.7 11 8.71 10.7 10.3 10.1 9.25 10.7 8.08 11 10.7 8.71 8.85 11.4 7.3 8.71 11.5 
9.28 8.68 10.5 9.3 6.31 12.1 10.8 10.7 14.4 7.89 9.95 5.3 13 11.6 8.13 9.08 8.55 7.98 7.47 9.51 7.91 7.5 8.71 5.49 10.5 6.3 9.3 8.33 6.23 8.48 
7.31 12.4 7.89 9.29 11.4 9.79 15.1 6.48 8.22 9.07 10.7 10.8 11.5 11.1 9.68 8.33 13.3 9.11 9.97 10.3 10.5 8.92 8.14 6.95 10.9 13.4 12.1 12 8.5 11.7 
14 11.3 8.37 11.5 9.63 11.4 10 12.1 11 8.09 10.7 12.1 9.28 10.1 11.1 10.5 10.5 11.5 10.4 9.88 10.6 11.2 5.89 9.72 11 12.1 12.8 10.3 12.5 12.7 
10.6 8.14 8.37 6.67 10.7 10.3 4.89 8.65 11.5 9.12 8.12 12.6 8.96 6.72 14.5 12.3 10.2 8.11 16.1 9.28 13.8 9.06 9.71 9.65 10.2 12.3 8.26 11.7 9.14 11.2 
10.5 10.9 7.71 8.63 9.37 11 11.3 13.9 9.64 10.9 12.1 5.81 11.3 9.47 8.12 12.9 8.15 5.46 10.4 12.1 8.89 12.1 8.89 11.5 15.2 12.8 9.95 8.32 9.29 9.75 
9.53 11.1 12.3 9.13 8.67 7.26 13.4 8.71 14.7 11.3 8.54 4.24 9.13 9.63 8.19 12.3 10.7 10.5 13.3 10.4 7.51 10.7 10.2 10.7 10.5 14.1 8.14 12.4 6.29 10.1 
10.1 8.66 12.4 14.1 9.37 11.5 8.39 6.42 8.47 8.71 10.1 7.89 10.6 7.78 13.8 9.87 7.71 13.7 10.3 7.91 8.71 9.48 11.8 7.81 12.5 11.2 9.33 6.31 7.54 10.3 
9.13 8.49 12.5 9.12 8.54 8.06 12 11.4 9.13 9.77 8.64 12 11 10.3 8.54 8.94 11 10.1 11.2 7.95 8.23 9.14 13 10.7 13.6 9.91 9.49 9.23 7.95 5.95 
12.6 11.3 12.2 10.6 8.67 13.2 13.6 10.3 8.95 13.8 15.1 9.72 7.9 8.49 7.4 11.2 6.71 8.49 9.01 9.65 9.17 16.1 8.48 13.4 8.95 7.66 11.5 14 10.2 8.11 
14.3 8.19 8.31 11.5 14 11 5.71 8.37 9.14 10.1 12.3 8.31 4.65 12.1 13 9.77 8.63 10 9.63 6.14 7.14 8.64 9.53 15.8 7.54 7.3 9.56 13.1 7.89 14.3 
8.67 13.5 11.7 6.13 10.4 7.36 7.81 10.1 13.3 9.78 13.5 12.7 10.6 6.46 11.5 8.89 12.3 9.96 5.71 9.88 11.7 14.8 6.08 13.4 8.92 7.77 6.67 11.8 5.48 9.42 
8.14 11.4 7.46 10.7 12.6 10.7 11.9 10.4 7.32 8.71 12.4 10.2 9.55 9.08 13.2 10 10.2 4.24 8.88 7.08 8.71 8.89 10.6 10.7 11.9 8.13 7.14 7.31 12 11.7 
6.96 11.4 5.37 11.5 9.59 5.89 7.64 10.5 8.56 10.2 11.6 10.3 10.2 10.3 10.5 10.8 9.37 6.4 10.2 8.23 9.95 11.6 6.77 11.7 9.61 15.5 14.1 10.2 5.07 12.1 
9.63 8.32 8.37 12.3 12.1 9.72 7.13 4.71 11 9.13 9.37 10.9 11.9 9.07 14.5 14.8 15.2 10 6.71 6.28 9.48 11.9 12.4 8.29 12.5 13.2 7.53 9.78 9.13 12.6 
8.64 6.89 8.95 11.1 10.3 9.73 11.2 12.3 10.9 12.3 11.6 10.5 6.54 10.6 11.1 9.5 13.5 10.7 8.31 9.73 11.3 8.78 11.5 6.72 10.7 10 8.88 11.9 7.68 11.5 
8.06 6.46 9.95 11 6.48 13.2 4.66 10.1 14.2 15.2 15 5.49 8.64 7.23 11.4 14.2 9.11 9.43 8.77 13.8 10.2 15.4 7.71 10.6 7.54 8.88 7.71 10.4 8.71 10.1 
11.7 13.7 9.88 8.71 8.73 9.95 12.3 10.3 11 8.5 7.95 5.31 11.2 16.4 8.95 7.95 9.49 9.32 9.83 10.6 9.89 10.8 9.23 13 10.1 9.56 16.8 10.9 9.06 9.53 
7.77 9.13 10.8 9.64 10.2 8.54 11.5 8.54 7.24 13.6 12.6 13.6 11.5 12.7 8.91 10.7 4.71 11.5 5.65 10.4 10.1 6.31 9.94 7.49 8.71 11.3 10.9 6.82 5.37 9.71 
7.64 9.88 13.7 14 13.7 11.3 8.37 12 10.8 11.6 5.89 10.2 18.5 7.54 10.8 6.5 12.5 7.71 6.89 9.12 13.2 8.06 8.37 11.9 8.73 10.7 10.6 7.88 3.89 12.5 
14.8 12.5 12.2 14.5 10.6 5.58 13.4 7.81 7.23 10.3 11.3 13 8.37 6.89 7.88 11.4 8.78 12.1 12.5 10.6 8.78 4.54 9.08 6.91 7.97 7.3 11.1 14.1 10.8 12.8 
8.78 10.9 10.9 12.8 6.72 6.89 15.2 7.49 12 9.05 14.3 10.7 8.31 2.83 6.89 13 11.9 15.3 7.5 11.5 11.2 12 10.8 10.8 7.08 11.1 12.7 8.64 12.1 12.6 
7.84 8.98 9.77 13.5 7.54 10.1 9.89 11.5 8.31 13.1 11.2 11.8 9.71 11.8 11.1 9.01 12.4 6.95 8.98 12.1 7.6 9.96 13.6 14.8 9.93 12.7 15.5 10 9.64 12.9 
8.73 10.2 10.1 7.24 12.1 8.68 13 10.7 6.63 11.3 9.88 9.37 7.99 8.98 12.4 8.29 9.76 8.64 11.7 4.64 10.2 7.11 12.2 8.13 12.5 9.57 9.95 9.52 4.48 10.2 
10.7 12.3 7.53 11.4 7.49 7.31 10.5 9.04 6.23 10 17.8 8.47 8.53 11.9 5.5 8.06 14.8 10.1 11.1 8.29 7.47 11.7 6.89 8.56 8.49 14.2 9.53 8.7 12.6 14.8 
6.71 8.97 12.7 13.1 10.8 13.5 11.7 13 12.8 8.3 6.88 8.83 9.96 7.46 6.37 12.2 11.2 6.48 11.9 9.01 10.5 8.2 9.15 11.1 13.8 13.9 8.47 11.9 5.46 12.3 
10.5 11.7 12.6 10.9 9.79 14.1 8.48 10.5 6.13 9.39 11.4 12 6.66 8.63 10.1 12.1 8.83 7.13 6.72 11.2 7.71 10.9 12.3 12.5 10.2 6.02 9.54 10.5 9.77 13.7 
10.2 4.06 11.4 11.2 10.5 9.46 10.1 8.06 13.4 11 9.65 9.95 9.11 11.3 15 11.3 7.7 8.37 8.26 5.05 15 12.3 9.88 11 12.6 13.9 10.7 11.8 8.23 9.91 
11.3 9.84 6.54 13.1 10.8 13.4 13 8.24 8.78 11.3 8.48 13.3 7.19 4.06 9.67 6.7 12 10.3 6.72 7.46 10.4 13.5 8.2 12.6 10.4 8.13 5.06 11.3 7.37 11.1 
14.9 11.4 9.06 14.5 13.1 11.5 11 8.29 9.01 9.33 11.6 11.4 6.64 12.2 11.3 11.8 11.3 13.8 6.96 12.5 11 10.1 11.2 13.2 9.07 10.3 9.61 9.53 4.58 9.46 
11.5 11.1 10.3 11.2 10.6 10.3 7.95 6.06 10.3 13.1 9.54 9.76 7.71 7.89 9.19 10 13.1 6.87 9.55 10.5 9.2 8.95 9.55 7.85 6.7 10.2 8.31 11 11.2 8.71 
9.55 12.5 11.1 6.49 11.4 16.9 9.63 9.31 13.3 9.37 11.4 11.1 8.95 6.23 13.8 7.26 12.2 8.89 11 10.8 11.3 8.73 11.1 11.3 10.1 10.5 12.6 10.3 7.48 16.4 
7.77 12.8 8.71 13.9 8.64 9.54 10.1 13.3 5.12 9.78 5.71 6.72 8.14 6.3 11.7 12.4 12 14.4 11.2 8.29 11.2 12.4 8.58 8.6 8.3 11.2 8.72 9.47 14.7 15.5 
11.3 9.01 10.6 10.9 10.7 13.9 13.6 11.3 9.56 8.37 8.94 10.3 13.3 8.95 9.97 11.6 12.1 11.2 11.2 11.2 7.73 12.5 10.1 10.6 5.31 10 15.9 16.4 9.13 10.4 
8.06 9.59 12.5 8.72 10.8 13.2 11.1 7.14 9.06 10.5 7.65 8.96 9.54 10.8 14.5 12.6 11.1 10.6 10.6 12.2 10.9 5.14 10.8 11.3 10.7 10.2 6.54 6.88 11.3 8.07 
12.1 8.54 8.09 10.8 11.6 14.9 14.3 6.87 9.54 6.49 10.5 8.73 11.1 7.71 12.9 10.5 7.8 12.9 15.5 10.1 13.9 11.5 10.2 9.14 6.84 13.6 11.5 12.4 7.31 8.84 
6.64 11.3 13.8 11.8 10.1 11.2 9.84 11.5 9.35 10.4 7.47 8.53 6.06 10.2 10.1 9.37 10.5 14 11.7 7.54 12.8 9.32 11.4 11.8 11 8.54 12.9 9.19 6.96 10.9 
7.73 12.1 9.95 9.11 8.29 11.8 10.4 9.95 6.89 5.82 10.8 11.2 11 13.9 9.05 7.11 7.49 12.4 11.3 5.12 9.83 11.8 7.88 12.8 13.8 5.3 7.23 10.8 14.4 6.87 
10.4 7.31 9.38 12.4 14.2 11 12.7 9.47 5.4 12.5 9.19 12.9 11.1 8.65 10.7 7.99 7.55 15.7 9.6 8.31 7.64 11.1 12.1 11.7 10.2 10.6 10.8 9.84 7.13 9.88 
14 6.48 13.4 10.8 9.05 10.8 6.49 11.8 9.19 5.43 10.5 8.13 12.5 7.06 12.6 14.2 9.06 11.3 13.5 11.4 5.66 12.7 7.54 14.2 12.8 11 12.9 8.63 9.05 7.13 
9.36 8.43 10.9 15.5 8.31 9.77 15.4 11.6 13.4 12.8 5.3 6.89 13.9 11.2 9.8 12.9 8.12 6.46 13.1 17 10.6 10.5 7.12 10.3 12.1 9.6 8.8 6.85 8.13 14.6 
7.06 11.5 15.4 9.97 12.8 11.6 10.6 8.67 10.2 10.5 8.71 13.8 7.6 10.7 11.6 12 13.1 9.26 11.9 13.6 11.9 4.67 11.6 10.7 8.24 13.1 11.1 6.2 11.5 9.53 
10.9 12.8 10 11.6 9.71 11.3 7.14 9.89 12.1 6.13 7.77 11.1 8.71 9.95 12.6 9.6 8.07 7.89 5.71 9.5 9.91 8.3 13.1 9.8 12.3 5.3 6.3 8.88 7.23 9.02 
6.94 11.8 8.68 6.54 13 12.1 10.4 12.9 10.3 10.7 11.4 9.32 7.37 11.7 6.31 9.19 7.96 8.48 8.63 9.59 6.95 8.07 11.5 9.38 11.8 9.49 10.8 6.95 9.3 9.37 
11.4 15 11.3 11.3 11 11.1 11.6 13.4 8.29 8.31 8.91 11.2 9.7 11 9.82 11.5 8.37 9.28 8.28 11.7 10.3 10.5 10.2 9.35 9.8 9.95 9.91 5.99 7.88 7.32 
10.5 9.88 6.13 11 9.36 8.98 12 10.3 9.71 7.65 10.7 8.36 7.08 6.23 10 13.8 10.8 7.72 10.1 7.19 10.8 9.4 8.23 5.65 9.48 9.72 7.64 11.3 9.32 12.1 
11.6 9.19 7.07 4.66 9.89 7.85 12.1 13.3 14.5 12.1 8.96 13.3 8.95 9.18 10.4 9.73 13.5 14.4 8.71 6.07 7.52 14 10.1 9.55 9.54 6.88 12.7 8.01 10.4 11.9 
11.1 12 11.3 14.5 13 10.1 9.88 12.4 16.8 11.5 13.7 9.14 13.9 10.3 6.5 5.71 4.71 10.1 10.4 13.7 9.7 8.54 5.48 9.22 10.9 13.7 6 11 11.3 9.5 
8.54 13.1 9.71 13.8 9.01 11 8.71 12 10 12.5 6.3 10.4 7.78 8.3 12.7 7.23 8.59 10.6 8.72 8.05 15.3 12 11.3 11.6 10 16.5 8.06 10.3 7.42 9.05 
13.4 12.7 6.54 13.8 7.4 13.3 10.7 7.37 9.54 13.9 10.3 9.29 11.9 9.13 7.39 13.1 4.71 8.91 8.12 13.2 6.77 7.78 9.06 12.3 9.47 13.1 9.07 7.23 13.2 3.3 
9.48 8.91 5.89 9.71 13.7 8.79 9.61 11.2 12.9 11.8 11.2 8.77 12.6 13.5 11.9 12.5 10.2 9.91 10.2 8.88 8.88 10.6 12.2 5.89 8.7 10.5 11.7 7.06 9.56 12.8 
8.37 12 10.1 9.61 6.71 11.1 10.3 9.11 11.6 11.1 12.5 9.95 8.71 6.57 6.94 16.3 7.23 9.11 10.1 11.5 8.48 9.14 12.3 15 7.15 10.9 7.42 11.8 7.47 11.4 
7.89 9.06 10.5 9.14 13.4 13.6 13.1 13 15.8 10.5 10.7 9.57 8.63 8.71 7.13 15.3 9.05 10.6 13.7 17.8 7.07 10 11.7 12.2 14 7.78 9.37 14 13.8 10.3 
12.5 14.1 8.29 12.3 11.2 11.7 15.8 8.54 6.71 13.1 9.54 11 14.8 12.9 9.91 11.8 10 11.7 8.54 9.65 10.6 13.1 7.49 7.72 14.3 9.3 9.87 13.2 11.9 12.4 
9.54 10 10.7 11.8 11.1 6.48 10.1 10.3 10.3 12.2 13.5 6.54 11.8 10.7 6.13 12.1 8.12 5.89 7.19 7.96 7.73 12.6 8.12 11.2 15.6 12.1 9.21 9.93 10.4 8.64 
8.53 12.4 12.7 8.9 6.89 12.4 11.3 8.19 10.1 8.36 12.9 10.6 9.79 12.2 7.23 7.26 7.97 14.8 12.8 12.7 11.7 7.91 13 8.13 9.96 8.88 9.02 12.7 9.71 10.8 
14.7 8.07 13.1 10.4 5.16 9.37 12.8 8.02 10.9 9.3 13.5 9.06 11.3 9.6 6.71 9.3 11.7 9.73 5.89 7.31 5.89 12.3 11.7 5.9 10.9 11 7.96 9.28 10.6 6.89 
6.13 14.5 8.77 10.9 10.3 13.1 9.55 10.4 13.1 9.06 6.6 7.57 10.9 10.6 13 6.54 12.4 11.7 11.5 12.1 10.8 12.1 9.51 6.8 9.12 8.91 7.83 6.49 7.71 7.37 
12 8.64 8.33 8.96 11.8 10.3 11.6 13.7 7.14 9.7 10.5 11.2 5.23 9.96 9.53 9.38 11 10.7 13.3 13.5 9.96 11.5 11.6 8.23 8.3 9.19 10.8 7.53 2.48 12.3 
15.3 12.2 13.8 5.23 8.87 8.19 8.95 10.8 11.4 12 9.13 7.19 12.7 11.3 8.3 9.78 5.31 10.9 8.79 9.66 12 12 9.98 10.8 11.9 9.71 11.2 9.91 13.4 10.3 
13.4 11 7.91 7.73 13.9 11.4 10.6 8.6 11.9 11.1 11.9 10.1 9.68 5.26 7.26 10.3 5.77 9.63 9.3 6.23 10.9 10.8 10.8 8.88 10.4 12.6 11.4 9.35 8.37 8.54 
8.71 9.88 11.3 11.8 11.8 10.5 8.13 11.5 9.12 11.7 13.4 6.48 4.48 9.73 12.1 6.13 7.46 14.2 15.9 11.5 13.4 11.5 8.47 10.7 10.5 10.1 9.26 12 7.37 7.3 
10.1 9.89 8.54 7.54 9.88 12.5 12.8 13.3 11.7 11.4 5.89 10.9 10.7 12.8 11.9 11.9 7.54 13.9 10.1 7.07 13.4 8.39 10.3 7.71 10.7 11.6 8.7 8.46 11.7 11.3 
13 10.3 13.8 13 12.3 8.48 6.48 10.1 15 12.9 10.8 10.7 9.7 6.26 7.77 8.54 7.06 10.6 9.77 8.15 8.26 8.93 9.3 7.37 8.46 12.9 11.2 9.3 8.88 7.54 
12.2 8.06 9.22 13.2 8.57 6.72 6.89 9.7 10.8 8.71 9.13 8.82 13.5 9.95 10.5 6.89 11.7 9.65 12.1 10.2 9.48 12.1 10.1 10.6 10 9.63 10.8 10.7 11.9 12.1 
11.1 12.3 8.95 13.6 9.02 9.95 12.2 10.1 11.7 4.4 11 11.5 13.5 10.1 9.87 8.83 13.8 10.4 6.64 8.26 8.6 6.07 13.2 12.3 10.8 11.5 7.31 9.37 12.2 13.6 
9.19 8.54 14.9 12.7 7.89 6.06 12.3 7.23 8.46 3.89 9.84 8.55 9.96 10.5 14.4 6.48 13 9.46 9.46 11.8 11 8.13 8.56 7.15 8.65 5.95 13.7 10 11.9 11.2 
8.54 6.99 10.2 9.73 7.96 11.3 7.13 12 14.5 9.67 6.95 10 11.4 7.65 10 11.7 15.9 5.66 9.95 9.8 13.8 10.6 7.63 10.7 7.46 12.3 14.5 13 9.58 9.45 
7.23 12.5 9 6.12 10.9 8.64 8.19 15.6 6.64 11.5 10.7 8.13 9.19 8.71 11.3 13.3 5.95 12 12.3 8.4 13.6 7.95 10.1 8.19 10.6 10.7 8.7 11.3 9.76 15.4 
13.7 12.4 11.2 5.78 13.5 12.2 12.2 7.13 10.7 9.22 11 9.25 11.4 7.78 13.5 5.3 6.99 9.13 11.3 12.6 11.9 10.8 7.06 10.1 11.7 9.22 9.48 10.5 9.06 10.5 
6.64 4.49 13.3 10.8 10.5 8.46 7.89 5.65 10.2 12.7 16 11.4 7.33 6.71 10.7 12 13.7 10.5 10.1 7.06 8.28 13.4 10.1 8.12 13.3 15.1 9.72 4.82 11 13.3 
7.47 9.57 9.26 8.72 6.13 7.99 5.23 8.73 9.85 10.5 10.8 9.06 11.5 4.89 8.84 12.7 8.38 12.3 9.77 8.95 8.89 8.89 5.89 12.2 11.5 13.2 11.5 12.6 10.5 10.3 
7.12 7.43 6.89 11.7 10.4 10.3 8.73 10.1 8.89 6.54 8.89 9.88 5.4 6.89 12.7 6.73 9.14 10.8 12.5 10.1 14.4 10.5 10.5 10.4 9.31 11.8 9.98 9.46 12.9 10.1 
11.1 12.6 6.71 11.5 6.66 10.1 12.9 10.7 12.5 12.2 13.4 10.8 6.65 14.9 12.7 12 6.96 9.78 11.3 9.29 10.6 12.2 10.7 4.54 15 12.5 8.63 12.3 10.9 13.9 
12.4 9.08 8.53 6.78 12 9.48 11.3 11.1 7.47 5.65 9.46 11.4 9.38 12.3 11.7 6.89 5.21 8.88 9.46 11.3 7.31 2.48 8.65 8.06 10.1 13.1 8.67 9.98 8.71 7.4 
9.64 11.5 13 11.1 7.88 11.6 12.3 9.39 9.49 9.25 11.1 7.37 10.5 8.05 9.6 15 8.64 10.4 8.97 9.77 6.54 9.71 12.3 7.73 6.46 3.89 8.95 7.06 11.9 7.91 
13.1 9.3 9.64 10.4 11.7 9.29 12.5 6.41 10 8.71 10.1 10.7 10 4.48 8.89 7.54 12.5 8.6 12 9.71 12.4 5.06 11.7 12.8 10.5 8.96 14 9.79 13.4 7.96 
10.5 12.7 14 8.71 8.46 10.3 6.48 8.54 5.31 10.8 12.5 11 8.46 9.81 11 4.06 7.4 13.1 9.54 7.96 9.51 7.54 14.3 8.71 10.9 6.6 9.71 6.78 9.97 8.84 
8.48 11.1 15.8 10 7.26 8.06 12 6.71 10.5 8.91 8.64 10.3 11.9 6.37 10.5 15.4 11.2 11.5 11.3 5.66 9.71 8.93 10.5 7.91 11.9 11 4.06 6.54 12.7 9.54 
10.9 13.4 8.73 8.64 8.95 7.09 9.02 10.3 13.6 14.8 9.71 4.06 7.46 10.4 10.5 13.3 12.6 11.7 13.9 15.6 9.14 7.42 7.67 15.3 9.89 11.4 13.9 10.1 11 14.5 
9.78 15.2 5.96 10.8 10.1 12.7 13.1 6.89 10.7 12.5 11.4 9.28 7.81 13.6 9.46 7.14 12.8 9.36 6.06 12.5 9.35 4.3 10 7.13 14 10.6 9.26 13.5 9.61 8.06 
6.83 14.1 10.2 7.89 11.5 0.828 6.48 4.89 7.71 9.14 12.8 14.2 8.47 16.4 7.49 13.1 8.56 11.2 9.42 12.8 12.6 8.13 13 11 8.23 8.36 10.8 10.6 11.2 9.94 
13.1 9.65 9.85 10 5.89 11.4 5.36 11.5 9.95 10.1 8.97 10.2 6.08 12.4 8.91 10.3 6.89 14.2 10.8 8.55 9.31 8.88 10.4 9.53 12.6 6.06 11 14.3 10.4 7.71 
5.65 10.2 10.6 12.2 7.88 12.4 8.07 8.65 10.3 9.95 6.89 8.33 15.6 10.2 9.11 7.09 13.4 11.4 13.8 9.67 6.13 8.87 6.47 9.54 12.7 11.2 8.88 11.2 10.5 7.73 
14.5 9.19 12.9 10.4 14.7 10.9 8.08 8.36 9.49 11.3 7.81 13.7 9.06 9.25 11.3 9.54 11.7 7.74 10.2 10.9 11.7 8.55 9.19 8.72 12.4 8.71 11.2 11.4 10.8 11.3 
11 5.77 13.6 11.4 9.15 10 8.82 7.37 12.2 11.3 11.9 11.6 12.2 6.54 11.6 11.5 8.81 6.13 9.12 13.3 9.99 8.04 11.7 7.55 8.37 9.13 10.1 11.9 11.6 6.54 
11.7 11.7 8.13 8.32 15.5 11.1 13.1 6.24 11.7 10.7 7.41 13 12.5 13.7 9.29 11 9.63 6.54 10.4 5.82 9.11 13.8 11.3 11.7 9.84 7.64 6.08 9.9 7.02 8.66 
11.4 13.1 11.9 9.49 13.1 9.56 9.45 9.28 7.71 7.71 7.88 7.31 13.8 11 9.78 12.3 10.8 9.77 8.82 9.5 11.9 9.61 13.6 9.56 9.36 9.38 8.73 7.37 10.2 9.57 
10.9 12.3 10.8 7.71 12.1 12 8.96 13.5 12.5 11.6 10.6 9.3 14.3 14.5 13.1 10.9 10.5 9.11 7.87 14.1 9.46 10.4 9.97 9.82 13.9 9.33 10.9 7.31 9.22 6.71 
9.06 12.5 5.72 5.71 12.3 10.4 10.5 9.33 19 13.9 10.5 15.1 7.01 12 6.37 7.78 8.53 10.1 7.08 13 8.54 13 8.15 6.48 7.7 10.5 6.48 8.19 10.8 10.4 
11.1 10.8 7.64 12 7.13 7.24 12 11.1 12.5 9.37 7.77 9.88 9.11 8.84 8.71 8.31 8.96 3.3 9.72 11.3 5.66 10.4 14.1 11 5.06 10.9 11.3 8.71 7.19 6.48 
6.65 9.72 11.7 10.3 10.3 12.9 6.96 10.5 8.23 10.9 7.31 13.6 9.37 10.2 7.39 12.1 6.05 6.31 12.1 10.3 7.96 13.2 9.76 9.02 12.9 7.25 9.37 11.5 11.1 12.7 
11.7 13.4 6.88 12.2 8.61 10.3 10.9 9.52 10.9 9.17 12.3 10.2 10.1 6.99 9.42 7.29 10.7 9.37 8.83 8.26 8.31 11 9.53 11.4 14.3 8.46 8.31 13.1 9.83 6.54 
8.95 8.54 10.7 13.1 13 10.5 11.7 14.2 9.48 9.33 13.4 10.8 9.8 8.64 9.19 11.6 11.2 11.5 6.06 12.1 6.72 10.4 11.7 9.18 11.1 7.72 8.88 9.88 7.14 12 
9.86 5.4 6.9 9.88 8.54 6.74 8.08 6.54 9.22 9.54 9.12 8.91 13.8 8.65 6.78 9.88 4.64 8.77 8.74 7.31 9.96 9.49 8.23 10.9 10.8 11.1 7.19 7.3 12.3 11.6 
10.4 13.9 7.32 11.1 11.1 16.1 13.2 13.1 10.6 11 9.28 11.5 8.28 4.89 8.38 12.7 6.8 9.96 8.46 9.91 5.37 10.4 13.4 11.3 6.65 11.3 9.37 9.91 6.3 11.2 
7.96 12.4 14.1 13.8 16 7.49 7.96 13.3 13.5 10.3 13 8.46 13.1 5.71 10.1 11.4 14.2 9.71 11.9 11.7 8.49 9.5 9.29 11.6 11.8 12.2 10.5 8.48 10 5.5 
11 9.8 9.21 12.2 10.5 10.9 9.96 5.12 4.06 10.5 8.36 9.23 10.4 9.46 13.3 11.9 8.06 7.05 7.95 6.65 7.31 15.3 6.31 11.4 9.41 9.12 12 5.83 12.7 11.6 
9.8 8.37 8.59 8.29 9.37 14.5 9.79 15.6 8.33 8.72 9.96 10.3 10.6 11.1 10.2 13.4 11.9 7.37 11.9 6.95 10.3 8.97 8.77 10.4 11 11.1 10.6 12 11.1 8.13 
15.3 10.2 7.9 8.93 12 10.3 5.13 11 7.55 12 9.29 9.6 10.9 10.8 11.2 7.65 9.12 9.72 13.6 8.77 5.5 10.5 11.3 7.23 13.7 10.5 12.9 4.83 7.96 4.66 
