1 10.1544 5.44989
1.33333 10.4751 5.28946
1.66667 10.047 5.81738
2 10.4748 5.50534
2.33333 10.2316 5.17388
2.66667 10.3989 5.98544
3 10.2598 6.45028
3.33333 9.91931 5.70744
3.66667 10.2591 7.01689
4 10.1715 4.65933
4.33333 10.3118 5.56204
4.66667 9.89877 4.78044
5 9.99271 6.37532
5.33333 9.54423 6.94817
5.66667 10.1585 5.06671
6 10.3125 6.59624
6.33333 9.79206 6.72916
6.66667 9.90882 5.93517
7 10.0036 5.23264
7.33333 9.88463 6.37302
7.66667 9.75402 4.92889
8 10.0125 6.22308
8.33333 9.99974 4.10293
8.66667 9.98819 5.33969
9 10.4375 4.95883
9.33333 10.2937 5.76478
9.66667 9.94422 5.36459
10 9.8624 5.35706
10.3333 9.47575 5.91275
10.6667 10.221 6.29656
